# Position (bp)	A	C	G	T	N
0.0	20.69403838820389	27.939494089233506	35.03241388076776	16.283208338629716	0.05084530316512013
1.0	21.32960467776789	28.19372060505911	31.485953985000638	18.596669632642683	0.394051099529681
2.0	20.72163638673612	31.533477321814257	26.794562317367554	20.78516071655444	0.16516325752763308
3.0	19.954274101359076	30.128286548964816	30.80147339006732	18.69681188873365	0.4191540708751429
4.0	20.203174603174602	30.882539682539683	28.609523809523807	20.1015873015873	0.20317460317460317
5.0	18.34792539017891	31.74724019794442	29.171424946072833	20.644588250222053	0.08882121558177897
6.0	20.134483633595536	28.46993148946968	31.578279624460798	19.639685359045927	0.17761989342806395
7.0	19.50012687135245	31.654402435929967	27.848261862471453	20.83227607206293	0.16493275818320224
8.0	18.74920715463656	30.3945198528479	30.9019408854497	19.776734745655208	0.17759736141063048
9.0	19.781891960436216	29.837687040324628	31.055034237889934	19.033730661932537	0.2916560994166878
10.0	19.084453461831092	30.142023839715954	30.15470453969059	20.3018006593964	0.317017499365965
11.0	18.853810067199188	30.645365791809308	30.366425763915306	19.855458349182197	0.2789400278940028
12.0	20.273868391023203	30.975022188411312	30.1001648281983	18.524153670597183	0.12679092177000129
13.0	21.313553949537216	29.440852034994297	29.237986560162295	19.9315329022442	0.07607455306200077
14.0	18.90452643590719	31.342715861544313	30.2903512108533	19.399011030810193	0.06339546088500064
15.0	19.9949283631292	30.924305819703306	30.480537593508306	18.600228223659183	0.0
16.0	19.9695701787752	31.203245847597312	29.7958666159503	19.031317357677192	0.0
17.0	19.589197413465197	30.581970330924307	30.315709395207303	19.513122860403197	0.0
18.0	20.476733865855206	29.783187523773297	30.860910358818312	18.87916825155319	0.0
19.0	20.020286547483202	30.277672118676303	30.0621275516673	19.639913782173196	0.0
20.0	19.399011030810193	31.013059464942312	29.770508431596298	19.817421072651197	0.0
21.0	19.9949283631292	30.721440344871308	30.379104856092304	18.90452643590719	0.0
22.0	20.2611892988462	29.9480157220743	29.580322048941294	20.210472930138202	0.0
23.0	18.105743628756183	30.924305819703306	30.683403068340308	20.286547483200206	0.0
24.0	20.400659312793206	29.352098389755295	31.101813110181308	19.145429187270192	0.0
25.0	19.589197413465197	30.226955749968305	30.822873082287312	19.360973754279193	0.0
26.0	19.069354634208192	30.835552174464308	30.303030303030305	19.7920628882972	0.0
27.0	20.616203879802207	30.429821224800303	29.897299353366297	19.05667554203119	0.0
28.0	20.476733865855206	30.049448459490304	29.250665652339293	20.2231520223152	0.0
29.0	19.043996449854188	30.518574870039306	31.406111322429314	19.031317357677192	0.0
30.0	20.096361100545202	30.810193990110307	30.150881196906305	18.94256371243819	0.0
31.0	20.89514390769621	30.848231266641307	28.946367440091294	19.31025738557119	0.0
32.0	19.221503740332192	30.594649423101306	30.987701280588308	19.19614555597819	0.0
33.0	19.677951058704195	30.2903512108533	30.658044883986307	19.373652846456192	0.0
34.0	19.779383796120197	30.581970330924307	30.049448459490304	19.589197413465197	0.0
35.0	18.625586408013188	30.708761252694305	31.330036769367315	19.335615569925192	0.0
36.0	19.9822492709522	30.2523139343223	30.277672118676303	19.449727399518192	0.038037276531000384
37.0	19.855458349182197	29.174591099277293	30.404463040446306	20.438696589324206	0.12679092177000129
38.0	20.679599340687208	30.049448459490304	30.518574870039306	18.612907315836186	0.1394700139470014
39.0	20.692278432864207	29.060479269684294	30.658044883986307	19.538481044757194	0.05071636870800051
40.0	20.324584759731206	29.453531127171296	30.303030303030305	19.8301001648282	0.0887536452390009
41.0	19.746353836398225	30.729232720355103	29.296131896005072	20.0	0.22828154724159797
42.0	19.670050761421322	30.9010152284264	30.152284263959388	19.086294416243653	0.1903553299492386
43.0	19.7004315816197	31.035795887281036	29.296775831429294	19.814673775069817	0.15232292460015232
44.0	19.41340782122905	30.8659217877095	30.23108176739462	19.273743016759777	0.21584560690705942
45.0	19.928735047085773	28.79867650801731	30.36396029524052	20.654110460677018	0.2545176889793841
46.0	19.910884786760025	29.598981540420116	30.795671546785485	19.516231699554424	0.17823042647994908
47.0	19.363462762571608	30.133672819859964	30.922978994271165	19.23615531508593	0.3437301082113304
48.0	19.898089171974522	29.92356687898089	30.53503184713376	19.222929936305732	0.42038216560509556
49.0	20.35668789808917	29.426751592356688	28.9171974522293	20.802547770700635	0.4968152866242038
